200.0 2 100.0 1 
500.0 5 400.0 4 300.0 3 
700.0 7 600.0 6 
1100.0 11 1000.0 10 900.0 9 800.0 8 
1500.0 15 1400.0 14 1300.0 13 1200.0 12

200.0 2 100.0 1 
500.0 5 400.0 4 300.0 3 
700.0 7 600.0 6 
1100.0 11 1000.0 10 900.0 9 800.0 8 
1500.0 15 1400.0 14 1300.0 13 1200.0 12 

200.0 2 100.0 1 
500.0 5 400.0 4 300.0 3 
700.0 7 600.0 6 
1100.0 11 1000.0 10 900.0 9 800.0 8 
1500.0 15 1400.0 14 1300.0 13 1200.0 12

200.0 2 100.0 1
500.0 5 400.0 4 300.0 3
700.0 7 600.0 6
1100.0 11 1000.0 10 900.0 9 800.0 8
1500.0 15 1400.0 14 1300.0 13 1200.0 12

200.0 2 100.0 1
500.0 5 400.0 4 300.0 3
700.0 7 600.0 6
1100.0 11 1000.0 10 900.0 9 800.0 8
1500.0 15 1400.0 14 1300.0 13 1200.0 12

200.0 2 100.0 1
500.0 5 400.0 4 300.0 3
700.0 7 600.0 6
1100.0 11 1000.0 10 900.0 9 800.0 8
1500.0 15 1400.0 14 1300.0 13 1200.0 12

200.0 2 100.0 1
500.0 5 400.0 4 300.0 3
700.0 7 600.0 6
1100.0 11 1000.0 10 900.0 9 800.0 8
1500.0 15 1400.0 14 1300.0 13 1200.0 12

200.0 2 100.0 1
500.0 5 400.0 4 300.0 3
700.0 7 600.0 6
1100.0 11 1000.0 10 900.0 9 800.0 8
1500.0 15 1400.0 14 1300.0 13 1200.0 12